numpar      15
name        0809+74
date        20.02.2016
time        22:32:52  2649194
period      1.29229853803
numpuls     1
tay         1.2288
numpointwin 814
sumchan       no
dm          5.733
F0          109584
Fcomp       111878.921875
F511        112079.1171875
f_point_win 0
l_point_win 813
#pulse 0
0   182.8636
1   182.7952
2   182.8037
3   182.7825
4   182.7341
5   182.8848
6   182.8895
7   182.7082
8   182.8197
9   183.1000
10   182.8025
11   182.6799
12   182.7983
13   183.0365
14   182.8182
15   182.4353
16   182.8957
17   182.8206
18   182.9034
19   182.6910
20   182.6901
21   182.7114
22   182.7347
23   182.7357
24   182.7875
25   182.6755
26   182.6848
27   182.6266
28   182.9218
29   182.7881
30   182.6595
31   182.9690
32   182.5731
33   182.5353
34   182.5414
35   182.7118
36   182.7581
37   182.5462
38   183.0063
39   182.5007
40   182.8725
41   182.4815
42   182.9320
43   182.6078
44   182.7949
45   183.1897
46   182.7947
47   182.5868
48   182.8126
49   182.6947
50   182.7341
51   182.5725
52   182.7928
53   183.0577
54   182.9445
55   182.5979
56   182.7414
57   182.7823
58   182.6789
59   182.7618
60   182.4757
61   182.8576
62   183.1115
63   182.7916
64   182.6888
65   182.5195
66   182.6492
67   182.7949
68   182.8986
69   182.6820
70   182.9169
71   183.0611
72   182.7201
73   182.7288
74   182.8955
75   182.6988
76   182.8260
77   182.8498
78   182.7021
79   182.7452
80   182.7755
81   182.7016
82   182.8459
83   182.8197
84   182.8703
85   182.8392
86   182.8707
87   182.6987
88   182.7707
89   182.8854
90   182.8794
91   182.9105
92   182.7956
93   182.7373
94   182.6969
95   182.9592
96   182.8397
97   182.5118
98   182.7349
99   182.6989
100   182.7538
101   182.7175
102   182.9813
103   182.8259
104   183.1151
105   182.8670
106   182.7250
107   183.0213
108   182.9565
109   182.9564
110   182.8391
111   182.6846
112   182.7547
113   182.7282
114   182.6583
115   182.9641
116   182.6914
117   183.0030
118   182.6687
119   182.8462
120   183.1077
121   182.9020
122   182.8848
123   182.9230
124   183.0765
125   182.9274
126   182.9770
127   183.0549
128   183.0410
129   182.8543
130   183.2255
131   183.0520
132   183.3809
133   183.2911
134   182.9499
135   183.0693
136   183.2572
137   183.3660
138   183.4082
139   183.5816
140   183.7757
141   183.4725
142   183.7808
143   183.7012
144   183.7426
145   183.9367
146   184.4119
147   183.9684
148   184.4558
149   184.5247
150   184.5384
151   184.8138
152   184.9013
153   185.2631
154   185.2508
155   185.2161
156   185.9959
157   186.1407
158   186.9933
159   187.1911
160   187.4296
161   188.1966
162   188.9231
163   189.0090
164   189.2050
165   190.0471
166   190.5239
167   190.9738
168   191.3336
169   192.9361
170   193.8291
171   194.7748
172   195.5101
173   196.4642
174   197.1201
175   196.4591
176   196.2597
177   195.9983
178   195.7697
179   196.0734
180   197.1801
181   198.1916
182   198.9389
183   197.5729
184   196.9558
185   196.8571
186   196.1396
187   195.2149
188   194.9049
189   195.4908
190   195.6059
191   195.3845
192   196.1723
193   195.1225
194   195.4200
195   196.2880
196   194.9872
197   194.6059
198   193.5179
199   192.7336
200   192.8701
201   192.4715
202   191.2299
203   191.2219
204   191.5086
205   190.8299
206   190.3057
207   190.2004
208   189.4688
209   189.3568
210   189.4483
211   188.8838
212   188.2628
213   188.1552
214   187.6964
215   187.6469
216   187.1248
217   187.0938
218   187.3167
219   187.1556
220   186.9416
221   186.9746
222   186.6386
223   186.6723
224   186.5176
225   186.4160
226   186.6065
227   186.2739
228   186.1040
229   186.1527
230   185.7662
231   185.5881
232   185.4971
233   185.6483
234   185.5942
235   185.1506
236   185.4014
237   184.9313
238   184.8969
239   184.8400
240   184.4255
241   184.6750
242   184.4002
243   184.1916
244   183.7640
245   183.8043
246   183.9044
247   183.7739
248   183.6114
249   183.8625
250   183.3854
251   183.5015
252   183.8718
253   183.4395
254   183.2600
255   183.1909
256   183.3980
257   182.9432
258   183.1325
259   183.1211
260   183.4901
261   182.9694
262   182.8854
263   182.8482
264   183.0610
265   182.9267
266   183.2173
267   182.8281
268   183.0426
269   182.8915
270   182.9783
271   182.8886
272   183.1644
273   182.9601
274   182.8709
275   182.8793
276   182.7194
277   182.7810
278   182.6555
279   182.9091
280   182.8734
281   182.8821
282   182.8007
283   182.8213
284   182.8010
285   182.7754
286   182.4966
287   182.6858
288   182.9266
289   183.1473
290   182.9039
291   183.0205
292   182.8383
293   182.7036
294   182.6977
295   182.8875
296   183.2320
297   182.6452
298   182.7777
299   182.7855
300   182.7126
301   182.5548
302   183.1405
303   182.8217
304   182.8274
305   182.8323
306   182.6299
307   182.7601
308   183.0486
309   182.8516
310   182.5659
311   182.9340
312   182.8984
313   182.7685
314   182.8917
315   182.7029
316   182.6610
317   183.0931
318   183.0137
319   182.9436
320   183.0877
321   183.0239
322   182.5789
323   182.5906
324   182.6659
325   182.7661
326   182.6392
327   183.0392
328   183.2631
329   182.7120
330   182.8160
331   182.6083
332   182.7527
333   182.9577
334   182.7792
335   183.0797
336   182.7255
337   182.8811
338   182.8779
339   182.9188
340   182.5880
341   182.6630
342   182.7951
343   182.6239
344   182.8285
345   182.7169
346   182.8362
347   182.9849
348   182.5761
349   182.8448
350   182.8583
351   182.9060
352   182.9854
353   182.8815
354   183.1041
355   182.7877
356   182.8003
357   182.8221
358   182.8214
359   182.6857
360   182.5212
361   182.8099
362   182.7816
363   182.7318
364   182.5813
365   182.6974
366   182.8150
367   182.8550
368   182.9191
369   182.9481
370   182.8789
371   182.7936
372   182.8813
373   182.8995
374   182.7239
375   182.9013
376   182.6188
377   182.8276
378   182.7939
379   182.6566
380   182.9690
381   182.6620
382   182.8157
383   182.9353
384   182.9081
385   183.1086
386   183.1193
387   182.9253
388   182.7515
389   182.7847
390   182.8504
391   182.7371
392   183.1333
393   182.8964
394   182.9311
395   182.5011
396   182.7361
397   182.6997
398   182.7071
399   182.9241
400   183.1216
401   182.7270
402   183.0760
403   183.0408
404   182.9650
405   182.9847
406   182.7950
407   182.8296
408   182.7870
409   182.9711
410   183.0211
411   182.6401
412   182.7056
413   182.8728
414   182.8659
415   182.7936
416   183.1422
417   182.8476
418   182.7758
419   182.7970
420   183.0852
421   182.9712
422   182.9333
423   182.8778
424   182.9286
425   182.7669
426   183.0005
427   182.8900
428   182.8245
429   182.7206
430   182.9703
431   183.0210
432   182.8985
433   182.7341
434   182.9577
435   182.7162
436   182.8129
437   182.9862
438   183.0244
439   182.8960
440   182.9029
441   182.7635
442   182.9883
443   182.9026
444   182.6815
445   182.7018
446   183.0844
447   182.7256
448   182.8167
449   182.9496
450   183.1068
451   182.9675
452   182.8334
453   182.6251
454   182.8878
455   182.7779
456   182.8350
457   182.9944
458   182.9690
459   182.7605
460   182.6190
461   183.0266
462   182.6891
463   182.6506
464   182.8781
465   183.1846
466   182.7041
467   182.5548
468   182.9887
469   182.9207
470   182.7780
471   182.6514
472   182.9091
473   182.5903
474   182.8294
475   182.8699
476   182.8816
477   183.1670
478   183.0135
479   182.6998
480   182.8353
481   183.1141
482   183.1485
483   182.7282
484   182.8721
485   182.7647
486   182.9724
487   182.9119
488   182.9354
489   182.8879
490   182.8452
491   182.6732
492   182.8608
493   182.5694
494   182.8590
495   182.8477
496   182.8440
497   182.6003
498   182.7771
499   182.9766
500   182.7316
501   182.7918
502   182.9879
503   183.1370
504   182.7953
505   183.0978
506   182.8917
507   182.8601
508   182.8324
509   182.8262
510   182.7118
511   183.0820
512   182.9763
513   183.0007
514   182.6140
515   182.5423
516   182.8665
517   182.8282
518   183.0653
519   183.0366
520   182.8886
521   182.8566
522   182.8967
523   182.6669
524   182.7882
525   182.8789
526   182.7661
527   182.9525
528   183.0597
529   182.7743
530   182.7999
531   182.7613
532   182.7845
533   182.8785
534   182.7198
535   182.9054
536   182.6870
537   182.6951
538   182.8757
539   182.7276
540   182.9280
541   182.6532
542   182.9389
543   182.8101
544   183.0459
545   182.9453
546   182.8600
547   182.7645
548   182.8806
549   182.9670
550   182.7072
551   182.8670
552   182.8446
553   182.9393
554   182.9468
555   183.0498
556   183.0697
557   182.9073
558   183.1072
559   182.9979
560   182.8490
561   182.7839
562   183.0054
563   182.8099
564   183.0129
565   182.9019
566   182.8731
567   182.9355
568   182.7084
569   182.7996
570   182.7267
571   182.7130
572   182.8283
573   182.7383
574   182.7474
575   182.8595
576   182.7795
577   182.8822
578   183.1160
579   182.7379
580   183.0220
581   182.9395
582   182.8080
583   182.7387
584   182.5809
585   182.9521
586   182.7379
587   183.0536
588   182.6709
589   182.7085
590   182.7126
591   182.7726
592   182.5747
593   182.7496
594   182.8438
595   182.9127
596   182.8887
597   182.8083
598   182.6686
599   182.7530
600   183.1193
601   182.9961
602   182.9808
603   182.8024
604   182.7302
605   182.9329
606   183.1074
607   182.8805
608   182.9144
609   182.8349
610   182.8389
611   182.9603
612   182.7979
613   182.9189
614   182.8344
615   182.8186
616   182.7122
617   183.1674
618   182.7166
619   182.5768
620   182.9135
621   183.0475
622   182.6935
623   182.7661
624   182.7653
625   182.7254
626   182.7592
627   182.6650
628   182.8289
629   182.6171
630   182.8234
631   182.7864
632   182.8288
633   182.6793
634   182.8421
635   182.9382
636   182.8715
637   182.8153
638   182.4217
639   182.9842
640   182.7757
641   182.7199
642   182.8582
643   182.8127
644   182.7008
645   182.9043
646   182.9353
647   182.8915
648   182.8542
649   182.8571
650   182.8823
651   182.8100
652   182.9388
653   182.7933
654   182.8473
655   182.8259
656   182.7814
657   182.7644
658   182.8996
659   183.0021
660   182.7902
661   182.6697
662   182.6454
663   182.7312
664   182.8697
665   182.8919
666   182.8406
667   182.8935
668   182.9493
669   182.7673
670   182.7109
671   182.8454
672   182.9103
673   182.6611
674   183.0392
675   182.4755
676   182.7537
677   182.8058
678   182.8969
679   182.9511
680   182.7482
681   182.8646
682   182.6311
683   182.9467
684   182.8493
685   182.8188
686   182.9811
687   182.8080
688   182.7745
689   182.7561
690   182.8743
691   182.6556
692   182.7720
693   182.5402
694   182.9530
695   182.7639
696   182.8221
697   182.9854
698   182.8400
699   183.0765
700   182.6082
701   183.0163
702   182.8579
703   182.9406
704   182.8511
705   182.8829
706   182.8861
707   182.7064
708   182.8370
709   182.5198
710   183.2192
711   182.8137
712   182.7667
713   182.8535
714   182.6016
715   182.5896
716   182.6035
717   182.9388
718   182.8044
719   182.5219
720   182.6280
721   182.5892
722   182.8078
723   183.0261
724   182.5177
725   182.8515
726   182.4426
727   182.7547
728   182.7631
729   182.6192
730   182.9135
731   182.8727
732   182.8259
733   182.8265
734   182.7925
735   183.0245
736   182.6894
737   182.8301
738   182.6522
739   182.7787
740   182.5263
741   182.7099
742   183.0039
743   182.7100
744   182.7209
745   182.7595
746   183.0105
747   182.9454
748   183.0615
749   183.4050
750   182.9640
751   182.6450
752   182.7056
753   182.6366
754   182.8983
755   182.7534
756   182.9457
757   182.7824
758   182.8320
759   182.6991
760   182.8362
761   182.7585
762   182.8576
763   182.8058
764   182.7258
765   182.8539
766   182.6490
767   182.9587
768   182.8625
769   182.7098
770   182.6772
771   182.9827
772   182.6762
773   182.9656
774   182.6277
775   182.8962
776   182.6205
777   183.0266
778   182.8678
779   182.6373
780   182.9810
781   182.7628
782   182.5591
783   182.7869
784   182.5586
785   182.8190
786   182.7395
787   183.2766
788   182.6016
789   182.6796
790   182.7571
791   182.7307
792   182.7386
793   182.8562
794   182.6503
795   182.8043
796   182.6445
797   182.8694
798   182.8537
799   182.8286
800   182.6397
801   182.6929
802   182.6937
803   182.4236
804   182.6153
805   182.8015
806   182.4745
807   182.7367
808   182.9584
809   182.8216
810   182.6835
811   182.9059
812   182.7281
813   182.7935
