numpar      15
name        0809+74
date        21.02.2016
time        22:28:56  3017239
period      1.29229945121
numpuls     1
tay         1.2288
numpointwin 814
sumchan       no
dm          5.733
F0          109584
Fcomp       111878.921875
F511        112079.1171875
f_point_win 0
l_point_win 813
#pulse 0
0   188.8040
1   188.9336
2   188.9530
3   188.8960
4   189.1021
5   188.8012
6   188.8805
7   188.8327
8   188.8902
9   188.7158
10   188.9530
11   188.6096
12   188.9855
13   188.9810
14   188.7715
15   188.7184
16   188.7836
17   188.8839
18   189.1905
19   188.8655
20   188.7071
21   188.8110
22   188.8324
23   188.9487
24   188.9881
25   188.6501
26   188.9642
27   189.0647
28   188.8264
29   188.8936
30   188.8600
31   188.4110
32   189.0346
33   188.4720
34   188.7705
35   188.7896
36   188.7876
37   188.5774
38   188.8537
39   188.7178
40   188.7411
41   188.9545
42   188.8693
43   188.8366
44   188.8881
45   188.9762
46   188.6849
47   188.6908
48   188.6746
49   188.8644
50   188.8790
51   188.9559
52   188.9814
53   188.8411
54   188.9968
55   188.9216
56   188.6464
57   188.5597
58   188.7151
59   188.9087
60   188.6395
61   188.7001
62   188.7282
63   188.9742
64   188.9271
65   188.8019
66   188.6462
67   189.0153
68   188.6636
69   188.6839
70   188.9901
71   188.7938
72   188.8233
73   188.9365
74   189.0525
75   188.8705
76   188.9166
77   188.8259
78   189.0830
79   188.5991
80   188.9169
81   188.7220
82   188.7894
83   188.9172
84   188.7578
85   188.8210
86   189.1156
87   188.7489
88   188.7477
89   188.8357
90   188.8524
91   188.6146
92   188.9327
93   188.9054
94   188.9523
95   188.8676
96   189.0299
97   188.8705
98   188.5350
99   188.7207
100   188.9184
101   188.6967
102   188.5630
103   188.9676
104   188.5840
105   188.8608
106   188.7675
107   188.8362
108   188.6950
109   188.5951
110   188.7015
111   189.0438
112   188.9950
113   188.8486
114   188.7675
115   189.1837
116   188.8858
117   188.8232
118   188.8892
119   188.9618
120   188.8196
121   188.7698
122   188.8381
123   189.1578
124   188.6145
125   188.9043
126   188.8450
127   188.8556
128   188.9210
129   189.1103
130   189.2389
131   189.2335
132   188.8195
133   189.3916
134   189.1279
135   189.1532
136   189.2209
137   189.3451
138   189.4932
139   189.7237
140   189.4917
141   189.4822
142   189.4048
143   189.6158
144   189.9317
145   189.9115
146   189.6373
147   190.0529
148   189.8454
149   190.0270
150   190.0535
151   190.3145
152   190.4813
153   190.9679
154   191.0214
155   191.0586
156   191.8170
157   192.1083
158   192.5890
159   192.5905
160   192.7392
161   193.1517
162   194.0372
163   194.6241
164   194.6314
165   194.6654
166   195.6725
167   196.7568
168   197.3564
169   198.2275
170   197.9091
171   197.9775
172   198.6932
173   199.1920
174   199.6411
175   199.9711
176   200.5093
177   201.9636
178   202.7542
179   203.3055
180   203.5747
181   202.7009
182   202.4687
183   202.0162
184   202.4568
185   202.9700
186   202.6004
187   201.4662
188   201.4929
189   201.7789
190   201.6397
191   201.6819
192   199.9187
193   199.8632
194   199.0989
195   199.3270
196   198.0266
197   197.1522
198   197.0695
199   197.2775
200   197.0460
201   196.5699
202   196.4592
203   196.2801
204   195.9141
205   195.8770
206   194.9021
207   194.4029
208   194.0078
209   194.1782
210   194.2081
211   194.0637
212   193.6382
213   193.5241
214   192.8757
215   192.8583
216   192.9060
217   192.6225
218   192.8350
219   192.9453
220   192.4766
221   192.4117
222   192.2434
223   192.3164
224   191.9337
225   191.7676
226   191.8023
227   191.4658
228   191.5083
229   191.5081
230   191.7542
231   191.4557
232   191.4056
233   191.0366
234   191.1881
235   191.1122
236   190.9492
237   190.7642
238   190.4835
239   190.6269
240   190.0940
241   190.0739
242   189.8900
243   189.7529
244   189.9791
245   190.2990
246   189.7372
247   189.5977
248   189.4283
249   189.6016
250   189.4018
251   189.4662
252   189.2102
253   189.3025
254   189.0077
255   189.2784
256   189.0628
257   189.3542
258   189.0730
259   189.0317
260   188.6331
261   188.9482
262   188.7391
263   188.8467
264   188.9541
265   188.9701
266   188.9324
267   188.7962
268   188.8497
269   189.0395
270   188.6309
271   188.7400
272   189.0980
273   189.0242
274   189.0338
275   188.8350
276   188.7693
277   188.7446
278   188.4304
279   188.7231
280   188.8401
281   188.8107
282   188.7777
283   188.8395
284   188.9066
285   188.8086
286   188.7480
287   189.0082
288   188.9406
289   188.8212
290   188.7061
291   188.6544
292   189.0150
293   188.8818
294   188.6041
295   188.6745
296   188.5728
297   188.7452
298   188.6275
299   188.7697
300   188.4412
301   188.7439
302   188.8114
303   188.7147
304   188.7610
305   188.9309
306   188.7435
307   188.6297
308   188.8427
309   188.7758
310   188.7257
311   188.5156
312   188.6140
313   188.9098
314   188.5830
315   188.7671
316   188.9478
317   188.8736
318   188.4923
319   188.8374
320   188.7530
321   188.6280
322   189.1443
323   188.8436
324   188.8963
325   188.8664
326   189.1300
327   189.0681
328   189.0172
329   188.4683
330   188.7850
331   188.6604
332   188.5163
333   188.4283
334   188.8948
335   188.9997
336   188.7753
337   188.9363
338   188.9519
339   188.7190
340   188.7804
341   188.7251
342   188.6952
343   188.5792
344   188.8025
345   188.9901
346   188.7355
347   188.7568
348   188.7516
349   188.7231
350   188.7311
351   188.7766
352   188.3190
353   188.8033
354   188.7844
355   188.7788
356   188.6058
357   188.4533
358   188.6980
359   188.7787
360   188.9965
361   188.4035
362   188.7433
363   188.4876
364   188.6258
365   188.8859
366   188.5149
367   188.4905
368   188.7872
369   188.6759
370   188.6557
371   188.6361
372   188.6378
373   188.6106
374   188.8422
375   188.8995
376   188.5409
377   188.8129
378   188.6740
379   189.0504
380   188.8113
381   188.9717
382   188.6158
383   188.5306
384   188.9836
385   188.8484
386   188.7635
387   189.0691
388   188.9416
389   188.7626
390   188.7517
391   188.7003
392   188.7265
393   188.6042
394   188.7441
395   188.9042
396   188.9936
397   189.0597
398   188.7509
399   188.7934
400   188.4861
401   188.6589
402   189.0351
403   188.8235
404   188.6198
405   188.7429
406   188.4672
407   188.5906
408   188.5873
409   188.6543
410   189.2121
411   188.8694
412   189.2478
413   188.9086
414   188.8360
415   188.6491
416   188.8687
417   188.5422
418   188.6869
419   188.8049
420   188.7865
421   189.0561
422   188.9867
423   188.6450
424   188.9724
425   188.4757
426   189.1592
427   189.3025
428   188.6544
429   189.2482
430   188.8157
431   188.6575
432   188.5370
433   188.5526
434   188.4188
435   188.5736
436   188.9002
437   188.7567
438   188.9062
439   188.7833
440   188.7846
441   188.6136
442   188.6166
443   189.1933
444   189.1350
445   188.8547
446   188.8839
447   188.8919
448   188.5710
449   188.9171
450   188.8950
451   189.2493
452   189.0276
453   188.8503
454   188.8930
455   188.8474
456   189.0028
457   188.6414
458   188.7015
459   189.0006
460   188.8836
461   188.6624
462   188.9069
463   188.6398
464   189.0759
465   188.8528
466   188.8538
467   188.9424
468   188.6120
469   188.8969
470   188.7862
471   188.5332
472   188.9176
473   188.7843
474   188.5753
475   188.9890
476   188.8289
477   188.7353
478   188.7773
479   188.8644
480   188.8860
481   188.8188
482   188.6533
483   189.1789
484   188.7909
485   189.1015
486   188.8527
487   188.7663
488   188.9837
489   188.8009
490   188.7124
491   188.9473
492   188.8164
493   188.7654
494   188.9008
495   188.9942
496   188.7329
497   188.5296
498   188.7456
499   188.8363
500   188.9773
501   188.9365
502   188.6861
503   188.7354
504   188.6257
505   189.0230
506   188.7276
507   188.8561
508   188.6923
509   188.9534
510   188.8488
511   189.0420
512   188.9413
513   188.9419
514   188.7098
515   188.9631
516   189.0920
517   188.7036
518   188.4893
519   188.8701
520   189.1015
521   188.8896
522   188.6918
523   188.8539
524   188.9363
525   188.8942
526   188.6397
527   188.7220
528   188.9663
529   189.0160
530   188.7689
531   188.6393
532   188.6522
533   188.9743
534   188.8415
535   188.7355
536   189.0009
537   188.6608
538   188.8959
539   188.6232
540   188.8383
541   188.8293
542   188.5978
543   188.8479
544   188.8782
545   188.8525
546   188.7027
547   188.5633
548   188.7333
549   188.7786
550   188.9046
551   189.0293
552   189.0806
553   188.9092
554   188.8183
555   188.7441
556   188.9133
557   188.8600
558   188.8986
559   188.6037
560   188.5056
561   188.7260
562   188.8237
563   188.5664
564   188.8886
565   188.5253
566   188.7990
567   188.7707
568   188.8749
569   189.1225
570   188.8937
571   189.1413
572   188.4411
573   188.7224
574   188.8673
575   188.8690
576   188.6368
577   188.6622
578   189.0103
579   188.8951
580   188.7621
581   189.0204
582   189.0984
583   188.7740
584   189.0845
585   188.5596
586   188.4361
587   188.7908
588   188.8682
589   188.8292
590   189.0621
591   188.8292
592   188.6125
593   188.6458
594   188.6278
595   188.7910
596   188.8896
597   188.7973
598   188.6726
599   188.5272
600   188.6226
601   188.6931
602   188.7632
603   188.7810
604   188.7378
605   188.9003
606   189.1374
607   188.7330
608   188.7676
609   188.9272
610   188.4499
611   188.9512
612   188.9626
613   188.7203
614   188.6122
615   188.4037
616   188.6650
617   188.5736
618   188.6409
619   188.7346
620   188.8894
621   188.9203
622   188.6033
623   188.8021
624   188.8914
625   188.4647
626   188.6156
627   188.7578
628   189.1758
629   188.7466
630   188.8762
631   188.8027
632   188.5475
633   188.3159
634   188.7206
635   188.8538
636   188.8553
637   188.6505
638   189.1083
639   188.8784
640   188.7105
641   188.7863
642   188.8583
643   188.8310
644   188.6832
645   188.7119
646   188.7649
647   188.6147
648   188.6924
649   188.8893
650   188.6726
651   188.7546
652   188.6067
653   188.5480
654   188.8833
655   188.8171
656   188.6876
657   188.8107
658   188.8671
659   188.9789
660   188.7280
661   188.7265
662   188.8115
663   188.5939
664   188.6052
665   188.6883
666   188.9124
667   188.8915
668   188.7448
669   188.5260
670   188.7465
671   188.7106
672   188.8304
673   188.7155
674   188.9135
675   188.8228
676   188.7688
677   188.8321
678   188.3490
679   188.6773
680   188.8406
681   188.6240
682   188.6871
683   188.6722
684   188.7560
685   189.0851
686   188.8077
687   189.1158
688   188.9541
689   188.7418
690   188.9988
691   189.0926
692   188.6754
693   188.8629
694   188.9239
695   188.8597
696   188.7044
697   188.8037
698   188.6799
699   188.6205
700   188.9304
701   189.2041
702   189.0897
703   189.0790
704   188.7397
705   188.7464
706   188.7526
707   189.0446
708   188.8029
709   188.6755
710   189.0163
711   188.8173
712   188.2135
713   188.9763
714   188.7022
715   188.6178
716   188.9403
717   188.8915
718   188.5137
719   188.5369
720   188.6875
721   188.8451
722   189.2003
723   188.8942
724   188.7351
725   188.7689
726   189.0094
727   188.6578
728   188.7466
729   188.7339
730   189.1218
731   188.5957
732   188.8989
733   188.5972
734   189.0500
735   188.7414
736   188.7535
737   188.8009
738   188.3731
739   188.7829
740   188.7699
741   188.8744
742   188.7291
743   188.9763
744   188.9145
745   188.8760
746   189.1354
747   189.0077
748   188.8688
749   188.7879
750   188.8355
751   188.7492
752   188.8141
753   188.9942
754   188.8335
755   188.9137
756   188.9239
757   188.8881
758   188.5836
759   188.8508
760   188.5065
761   188.9469
762   188.6220
763   188.9136
764   188.8003
765   188.8319
766   188.5031
767   188.7502
768   188.9166
769   188.7792
770   188.5755
771   188.7455
772   188.7018
773   188.8244
774   188.6092
775   188.6068
776   188.7566
777   188.7723
778   188.7787
779   189.2719
780   188.5231
781   188.7088
782   188.6309
783   188.8555
784   188.9749
785   188.7994
786   188.8286
787   189.0256
788   188.7766
789   188.8189
790   188.7713
791   189.1656
792   188.6276
793   188.7810
794   188.7895
795   188.6847
796   188.7974
797   188.5543
798   188.7770
799   188.8592
800   188.7527
801   188.5891
802   188.6658
803   188.6345
804   188.3440
805   188.4426
806   188.4322
807   188.9521
808   189.0530
809   188.9100
810   188.7374
811   188.8451
812   188.5611
813   188.7337
